4.431561098568434609e+00
4.391938329850614053e+00
3.895097314018486578e+00
3.482878927129902547e+00
2.422169446194047726e+00
3.076795119246757082e+00
4.791574561457684567e+00
2.257187285498326368e+00
3.878963406501454880e+00
4.193746023726827588e+00
3.013952333959265761e+00
2.169847987029542846e+00
3.217326994292672104e+00
3.974536423789783335e+00
4.884998129904371211e+00
4.139965042995565447e+00
3.706339157264052275e+00
2.881258318621450876e+00
4.497623294795108251e+00
2.207344234170618869e+00
